30 15 5 14 19 27
3 5 10 13
0 -4.0000000000E+01  4.0000000000E+01
 0.0000000000E+00
 0.0000000000E+00
 0.0000000000E+00
 0.0000000000E+00
 0.0000000000E+00
 0.0000000000E+00
 0.0000000000E+00
 0.0000000000E+00
 0.0000000000E+00
 0.0000000000E+00
 0.0000000000E+00
 0.0000000000E+00
 0.0000000000E+00
 0.0000000000E+00
 0.0000000000E+00
 0.0000000000E+00
-2.7678730200E+00
-4.8657142931E+00
-5.7332324794E+00
-5.8507618954E+00
-5.6910892209E+00
-5.5192649185E+00
-5.4515260972E+00
-5.5193749095E+00
-5.6912723213E+00
-5.8509599006E+00
-5.7333917072E+00
-4.8658100072E+00
-2.7679157191E+00
 0.0000000000E+00
 0.0000000000E+00
-6.2065601637E+00
-1.0963467195E+01
-1.2219478682E+01
-1.1982991189E+01
-1.1399865069E+01
-1.0940596545E+01
-1.0774049364E+01
-1.0940853457E+01
-1.1400289351E+01
-1.1983440974E+01
-1.2219821757E+01
-1.0963648179E+01
-6.2066352089E+00
 0.0000000000E+00
 0.0000000000E+00
-1.1096149227E+01
-2.0565103528E+01
-2.0203671237E+01
-1.8470238936E+01
-1.6995244126E+01
-1.6081542799E+01
-1.5775745850E+01
-1.6082036025E+01
-1.6996051610E+01
-1.8471072446E+01
-2.0204253681E+01
-2.0565313499E+01
-1.1096225768E+01
 0.0000000000E+00
 0.0000000000E+00
-1.7614109232E+01
-4.0000000000E+01
-2.9567137504E+01
-2.4710422187E+01
-2.2044762398E+01
-2.0631845254E+01
-2.0184025097E+01
-2.0632753882E+01
-2.2046240949E+01
-2.4711916733E+01
-2.9568080435E+01
-4.0000000000E+01
-1.7614130322E+01
 0.0000000000E+00
 0.0000000000E+00
-1.9360607504E+01
-4.0000000000E+01
-3.3362059152E+01
-2.8773962010E+01
-2.5860254489E+01
-2.4239725156E+01
-2.3718622899E+01
-2.4241387583E+01
-2.5862958268E+01
-2.8776684688E+01
-3.3363754048E+01
-4.0000000000E+01
-1.9360615334E+01
 0.0000000000E+00
 0.0000000000E+00
-1.9828411758E+01
-4.0000000000E+01
-3.5116045219E+01
-3.1179100935E+01
-2.8405451879E+01
-2.6773738893E+01
-2.6237486165E+01
-2.6776776334E+01
-2.8410402661E+01
-3.1184098667E+01
-3.5119158779E+01
-4.0000000000E+01
-1.9828421982E+01
 0.0000000000E+00
 0.0000000000E+00
-1.9953064409E+01
-4.0000000000E+01
-3.5932359025E+01
-3.2439664492E+01
-2.9832992622E+01
-2.8242432383E+01
-2.7710738729E+01
-2.8247968367E+01
-2.9842056986E+01
-3.2448867507E+01
-3.5938120771E+01
-4.0000000000E+01
-1.9953097480E+01
 0.0000000000E+00
 0.0000000000E+00
-1.9983853205E+01
-4.0000000000E+01
-3.6184385632E+01
-3.2833135460E+01
-3.0272250332E+01
-2.8682815103E+01
-2.8149420839E+01
-2.8692857258E+01
-3.0288816764E+01
-3.2850123797E+01
-3.6195115339E+01
-4.0000000000E+01
-1.9983975272E+01
 0.0000000000E+00
 0.0000000000E+00
-1.9982351210E+01
-4.0000000000E+01
-3.5982394876E+01
-3.2457531076E+01
-2.9767099468E+01
-2.8101548427E+01
-2.7544666669E+01
-2.8119613479E+01
-2.9797270162E+01
-3.2488983702E+01
-3.6002563660E+01
-4.0000000000E+01
-1.9982806431E+01
 0.0000000000E+00
 0.0000000000E+00
-1.9945555991E+01
-4.0000000000E+01
-3.5299154541E+01
-3.1267398901E+01
-2.8267085297E+01
-2.6443757381E+01
-2.5845142304E+01
-2.6475804130E+01
-2.8321681437E+01
-3.1325881288E+01
-3.5337646354E+01
-4.0000000000E+01
-1.9947254913E+01
 0.0000000000E+00
 0.0000000000E+00
-1.9799884327E+01
-4.0000000000E+01
-3.3957194994E+01
-2.9067718993E+01
-2.5617119678E+01
-2.3596539664E+01
-2.2949689928E+01
-2.3652062380E+01
-2.5714802662E+01
-2.9177105473E+01
-3.4032511338E+01
-4.0000000000E+01
-1.9806225106E+01
 0.0000000000E+00
 0.0000000000E+00
-1.9254030964E+01
-4.0000000000E+01
-3.1473284665E+01
-2.5448224110E+01
-2.1566583162E+01
-1.9406188112E+01
-1.8741249601E+01
-1.9498545284E+01
-2.1737803010E+01
-2.5654287620E+01
-3.1626672653E+01
-4.0000000000E+01
-1.9277696588E+01
 0.0000000000E+00
 0.0000000000E+00
-1.7216388866E+01
-4.0000000000E+01
-2.6497417346E+01
-1.9706061276E+01
-1.5819459517E+01
-1.3753308960E+01
-1.3140786330E+01
-1.3895981872E+01
-1.6108225811E+01
-2.0096319987E+01
-2.6829595833E+01
-4.0000000000E+01
-1.7304714667E+01
 0.0000000000E+00
 0.0000000000E+00
-9.6121703531E+00
-1.7551615812E+01
-1.4821327218E+01
-1.1076139218E+01
-8.2782574237E+00
-6.6731858525E+00
-6.2046055933E+00
-6.8627289804E+00
-8.7291414388E+00
-1.1810170715E+01
-1.5606422906E+01
-1.8129456376E+01
-9.9418266523E+00
 0.0000000000E+00
 0.0000000000E+00
-3.6826278606E+00
-5.7783287483E+00
-4.1702201991E+00
-1.5173846509E+00
 4.3540230889E-01
 1.5160171833E+00
 1.8338937019E+00
 1.3514815498E+00
-1.5573210844E-01
-2.8272964618E+00
-5.6666311916E+00
-6.9750422504E+00
-4.3351404576E+00
 0.0000000000E+00
 0.0000000000E+00
 6.5694350185E-01
 2.2856190386E+00
 5.4248201753E+00
 8.7277460348E+00
 1.0000701597E+01
 1.0448225564E+01
 1.0648363719E+01
 1.0570926210E+01
 9.5617005420E+00
 6.3096234124E+00
 2.7306681102E+00
 2.2534128015E-01
-4.2687895940E-01
 0.0000000000E+00
 0.0000000000E+00
 4.0223921813E+00
 8.8330924616E+00
 1.4848376973E+01
 2.0990103307E+01
 2.0377869050E+01
 1.9609197340E+01
 1.9724291302E+01
 2.0704041869E+01
 2.1508900519E+01
 1.5760466320E+01
 1.0046184882E+01
 5.5662261293E+00
 2.3996941193E+00
 0.0000000000E+00
 0.0000000000E+00
 6.5973201844E+00
 1.4172419644E+01
 2.4139356197E+01
 4.0000000000E+01
 3.0900309911E+01
 2.7875250294E+01
 2.7921720748E+01
 3.1001858859E+01
 4.0000000000E+01
 2.5170040892E+01
 1.6120215173E+01
 9.5895197898E+00
 4.4568335283E+00
 0.0000000000E+00
 0.0000000000E+00
 8.1933140487E+00
 1.7117464646E+01
 2.7534571554E+01
 4.0000000000E+01
 3.5343199684E+01
 3.3061150229E+01
 3.3078242208E+01
 3.5375343299E+01
 4.0000000000E+01
 2.8795646683E+01
 1.9671504692E+01
 1.2211300283E+01
 5.8365704833E+00
 0.0000000000E+00
 0.0000000000E+00
 9.0576634535E+00
 1.8568494200E+01
 2.8880356213E+01
 4.0000000000E+01
 3.7407919997E+01
 3.5943574752E+01
 3.5949387062E+01
 3.7418378441E+01
 4.0000000000E+01
 3.0339471068E+01
 2.1556253718E+01
 1.3745769510E+01
 6.6768656073E+00
 0.0000000000E+00
 0.0000000000E+00
 9.4684883891E+00
 1.9217823807E+01
 2.9417932976E+01
 4.0000000000E+01
 3.8343274856E+01
 3.7352632744E+01
 3.7354734536E+01
 3.8346730984E+01
 4.0000000000E+01
 3.1004944466E+01
 2.2467034831E+01
 1.4537249617E+01
 7.1244601611E+00
 0.0000000000E+00
 0.0000000000E+00
 9.5982341523E+00
 1.9416102995E+01
 2.9573296610E+01
 4.0000000000E+01
 3.8611350087E+01
 3.7767400747E+01
 3.7768252303E+01
 3.8612839617E+01
 4.0000000000E+01
 3.1212802946E+01
 2.2768788677E+01
 1.4811048607E+01
 7.2832116756E+00
 0.0000000000E+00
 0.0000000000E+00
 9.5082484707E+00
 1.9274882733E+01
 2.9459048437E+01
 4.0000000000E+01
 3.8334158444E+01
 3.7336214925E+01
 3.7337116892E+01
 3.8335657158E+01
 4.0000000000E+01
 3.1077139609E+01
 2.2583846764E+01
 1.4654425480E+01
 7.1970903043E+00
 0.0000000000E+00
 0.0000000000E+00
 9.1598147728E+00
 1.8716060029E+01
 2.8987950359E+01
 4.0000000000E+01
 3.7388643377E+01
 3.5905643883E+01
 3.5907654028E+01
 3.7392337184E+01
 4.0000000000E+01
 3.0511753769E+01
 2.1834716890E+01
 1.4025473715E+01
 6.8505340921E+00
 0.0000000000E+00
 0.0000000000E+00
 8.4149252433E+00
 1.7441546348E+01
 2.7776667106E+01
 4.0000000000E+01
 3.5314575046E+01
 3.2989653135E+01
 3.2995200510E+01
 3.5325783463E+01
 4.0000000000E+01
 2.9135041361E+01
 2.0217648789E+01
 1.2762032568E+01
 6.1794847349E+00
 0.0000000000E+00
 0.0000000000E+00
 7.0583228767E+00
 1.4858514067E+01
 2.4677154015E+01
 4.0000000000E+01
 3.0879852634E+01
 2.7743007098E+01
 2.7757467212E+01
 3.0915480654E+01
 4.0000000000E+01
 2.5810709775E+01
 1.7138692501E+01
 1.0625439164E+01
 5.1053043723E+00
 0.0000000000E+00
 0.0000000000E+00
 4.9598449403E+00
 1.0257018736E+01
 1.6073426062E+01
 2.1595444945E+01
 2.0461760353E+01
 1.9344910846E+01
 1.9376071800E+01
 2.0578580270E+01
 2.1904588893E+01
 1.6969061281E+01
 1.1900922180E+01
 7.4956617668E+00
 3.6162637455E+00
 0.0000000000E+00
 0.0000000000E+00
 2.5240323765E+00
 5.1362824280E+00
 7.7640730044E+00
 9.8465771226E+00
 1.0026775207E+01
 9.7987423819E+00
 9.8232445345E+00
 1.0118135056E+01
 1.0070684504E+01
 8.2599993424E+00
 6.0002325787E+00
 3.8399944954E+00
 1.8640664125E+00
 0.0000000000E+00
 0.0000000000E+00
 0.0000000000E+00
 0.0000000000E+00
 0.0000000000E+00
 0.0000000000E+00
 0.0000000000E+00
 0.0000000000E+00
 0.0000000000E+00
 0.0000000000E+00
 0.0000000000E+00
 0.0000000000E+00
 0.0000000000E+00
 0.0000000000E+00
 0.0000000000E+00
 0.0000000000E+00
