30 15 5 14 19 27
3 5 11 13
0 -4.0000000000E+01  4.0000000000E+01
 0.0000000000E+00
 0.0000000000E+00
 0.0000000000E+00
 0.0000000000E+00
 0.0000000000E+00
 0.0000000000E+00
 0.0000000000E+00
 0.0000000000E+00
 0.0000000000E+00
 0.0000000000E+00
 0.0000000000E+00
 0.0000000000E+00
 0.0000000000E+00
 0.0000000000E+00
 0.0000000000E+00
 0.0000000000E+00
-2.7681021989E+00
-4.8663040502E+00
-5.7341549314E+00
-5.8522653586E+00
-5.6927652832E+00
-5.5213771366E+00
-5.4534251015E+00
-5.5213771366E+00
-5.6927652832E+00
-5.8522653586E+00
-5.7341549314E+00
-4.8663040502E+00
-2.7681021989E+00
 0.0000000000E+00
 0.0000000000E+00
-6.2069919975E+00
-1.0964394109E+01
-1.2221486384E+01
-1.1985696218E+01
-1.1403711542E+01
-1.0944439335E+01
-1.0778434312E+01
-1.0944439335E+01
-1.1403711542E+01
-1.1985696218E+01
-1.2221486384E+01
-1.0964394109E+01
-6.2069919975E+00
 0.0000000000E+00
 0.0000000000E+00
-1.1096516345E+01
-2.0566188494E+01
-2.0206231137E+01
-1.8474859769E+01
-1.7000623832E+01
-1.6088282876E+01
-1.5781818080E+01
-1.6088282876E+01
-1.7000623832E+01
-1.8474859769E+01
-2.0206231137E+01
-2.0566188494E+01
-1.1096516345E+01
 0.0000000000E+00
 0.0000000000E+00
-1.7614220886E+01
-4.0000000000E+01
-2.9570684194E+01
-2.4716270393E+01
-2.2053257567E+01
-2.0640471909E+01
-2.0193588519E+01
-2.0640471909E+01
-2.2053257567E+01
-2.4716270393E+01
-2.9570684194E+01
-4.0000000000E+01
-1.7614220886E+01
 0.0000000000E+00
 0.0000000000E+00
-1.9360634641E+01
-4.0000000000E+01
-3.3366454229E+01
-2.8782786400E+01
-2.5870949492E+01
-2.4252737214E+01
-2.3730259807E+01
-2.4252737214E+01
-2.5870949492E+01
-2.8782786400E+01
-3.3366454229E+01
-4.0000000000E+01
-1.9360634641E+01
 0.0000000000E+00
 0.0000000000E+00
-1.9828420847E+01
-4.0000000000E+01
-3.5122594831E+01
-3.1190377069E+01
-2.8421351871E+01
-2.6789887995E+01
-2.6254355776E+01
-2.6789887995E+01
-2.8421351871E+01
-3.1190377069E+01
-3.5122594831E+01
-4.0000000000E+01
-1.9828420847E+01
 0.0000000000E+00
 0.0000000000E+00
-1.9953069631E+01
-4.0000000000E+01
-3.5940974419E+01
-3.2456437234E+01
-2.9853493930E+01
-2.8265988688E+01
-2.7731178285E+01
-2.8265988688E+01
-2.9853493930E+01
-3.2456437234E+01
-3.5940974419E+01
-4.0000000000E+01
-1.9953069631E+01
 0.0000000000E+00
 0.0000000000E+00
-1.9983866014E+01
-4.0000000000E+01
-3.6197281223E+01
-3.2855688368E+01
-3.0302614388E+01
-2.8713256912E+01
-2.8178398359E+01
-2.8713256912E+01
-3.0302614388E+01
-3.2855688368E+01
-3.6197281223E+01
-4.0000000000E+01
-1.9983866014E+01
 0.0000000000E+00
 0.0000000000E+00
-1.9982396576E+01
-4.0000000000E+01
-3.6000377599E+01
-3.2491407807E+01
-2.9808706946E+01
-2.8146392146E+01
-2.7581451847E+01
-2.8146392146E+01
-2.9808706946E+01
-3.2491407807E+01
-3.6000377599E+01
-4.0000000000E+01
-1.9982396576E+01
 0.0000000000E+00
 0.0000000000E+00
-1.9945725752E+01
-4.0000000000E+01
-3.5326425974E+01
-3.1315733366E+01
-2.8329948966E+01
-2.6506183333E+01
-2.5898497489E+01
-2.6506183333E+01
-2.8329948966E+01
-3.1315733366E+01
-3.5326425974E+01
-4.0000000000E+01
-1.9945725752E+01
 0.0000000000E+00
 0.0000000000E+00
-1.9800513528E+01
-4.0000000000E+01
-3.3997141391E+01
-2.9141324428E+01
-2.5708866027E+01
-2.3692077720E+01
-2.3024476329E+01
-2.3692077720E+01
-2.5708866027E+01
-2.9141324428E+01
-3.3997141391E+01
-4.0000000000E+01
-1.9800513528E+01
 0.0000000000E+00
 0.0000000000E+00
-1.9256391500E+01
-4.0000000000E+01
-3.1534570570E+01
-2.5557052820E+01
-2.1707706887E+01
-1.9550480785E+01
-1.8859055634E+01
-1.9550480785E+01
-2.1707706887E+01
-2.5557052820E+01
-3.1534570570E+01
-4.0000000000E+01
-1.9256391500E+01
 0.0000000000E+00
 0.0000000000E+00
-1.7225144624E+01
-4.0000000000E+01
-2.6590741276E+01
-1.9870008023E+01
-1.6031410555E+01
-1.3983394597E+01
-1.3331627806E+01
-1.3983394597E+01
-1.6031410555E+01
-1.9870008023E+01
-2.6590741276E+01
-4.0000000000E+01
-1.7225144624E+01
 0.0000000000E+00
 0.0000000000E+00
-9.6450084179E+00
-1.7624633349E+01
-1.4972055255E+01
-1.1312174055E+01
-8.5972759234E+00
-7.0377674966E+00
-6.5404581728E+00
-7.0377674966E+00
-8.5972759233E+00
-1.1312174055E+01
-1.4972055255E+01
-1.7624633349E+01
-9.6450084178E+00
 0.0000000000E+00
 0.0000000000E+00
-3.7314727832E+00
-5.8882683829E+00
-4.3671723447E+00
-1.8326396407E+00
-2.1046318149E-02
 9.3538033833E-01
 1.2293064866E+00
 9.3538033833E-01
-2.1046318141E-02
-1.8326396407E+00
-4.3671723447E+00
-5.8882683829E+00
-3.7314727832E+00
 0.0000000000E+00
 0.0000000000E+00
 6.0349116965E-01
 2.1667611109E+00
 5.2097854470E+00
 8.3611329138E+00
 9.3839204611E+00
 9.5583075961E+00
 9.5552523675E+00
 9.5583075961E+00
 9.3839204611E+00
 8.3611329138E+00
 5.2097854470E+00
 2.1667611110E+00
 6.0349116966E-01
 0.0000000000E+00
 0.0000000000E+00
 3.9772203051E+00
 8.7343670867E+00
 1.4673601998E+01
 2.0666857648E+01
 1.9628687818E+01
 1.8333751855E+01
 1.7864612250E+01
 1.8333751855E+01
 1.9628687818E+01
 2.0666857648E+01
 1.4673601998E+01
 8.7343670868E+00
 3.9772203051E+00
 0.0000000000E+00
 0.0000000000E+00
 6.5681590352E+00
 1.4117724253E+01
 2.4075381307E+01
 4.0000000000E+01
 3.0114948401E+01
 2.6276158788E+01
 2.5215452257E+01
 2.6276158788E+01
 3.0114948401E+01
 4.0000000000E+01
 2.4075381307E+01
 1.4117724253E+01
 6.5681590352E+00
 0.0000000000E+00
 0.0000000000E+00
 8.1770061790E+00
 1.7089810895E+01
 2.7508957178E+01
 4.0000000000E+01
 3.4551749861E+01
 3.1427310096E+01
 3.0439597724E+01
 3.1427310096E+01
 3.4551749861E+01
 4.0000000000E+01
 2.7508957178E+01
 1.7089810895E+01
 8.1770061790E+00
 0.0000000000E+00
 0.0000000000E+00
 9.0490048305E+00
 1.8554933856E+01
 2.8869190935E+01
 4.0000000000E+01
 3.6659280099E+01
 3.4438682376E+01
 3.3678187989E+01
 3.4438682376E+01
 3.6659280099E+01
 4.0000000000E+01
 2.8869190935E+01
 1.8554933856E+01
 9.0490048305E+00
 0.0000000000E+00
 0.0000000000E+00
 9.4638744044E+00
 1.9210858380E+01
 2.9412625873E+01
 4.0000000000E+01
 3.7645560269E+01
 3.5983920668E+01
 3.5393617602E+01
 3.5983920668E+01
 3.7645560269E+01
 4.0000000000E+01
 2.9412625873E+01
 1.9210858380E+01
 9.4638744044E+00
 0.0000000000E+00
 0.0000000000E+00
 9.5953321386E+00
 1.9411843565E+01
 2.9570121526E+01
 4.0000000000E+01
 3.7936683179E+01
 3.6456668399E+01
 3.5923787583E+01
 3.6456668399E+01
 3.7936683179E+01
 4.0000000000E+01
 2.9570121526E+01
 1.9411843565E+01
 9.5953321386E+00
 0.0000000000E+00
 0.0000000000E+00
 9.5055576818E+00
 1.9270834367E+01
 2.9455960612E+01
 4.0000000000E+01
 3.7644111514E+01
 3.5979579635E+01
 3.5387417168E+01
 3.5979579635E+01
 3.7644111514E+01
 4.0000000000E+01
 2.9455960612E+01
 1.9270834368E+01
 9.5055576819E+00
 0.0000000000E+00
 0.0000000000E+00
 9.1559827266E+00
 1.8709938208E+01
 2.8982802589E+01
 4.0000000000E+01
 3.6659144845E+01
 3.4429745242E+01
 3.3664649964E+01
 3.4429745242E+01
 3.6659144845E+01
 4.0000000000E+01
 2.8982802589E+01
 1.8709938208E+01
 9.1559827267E+00
 0.0000000000E+00
 0.0000000000E+00
 8.4084225852E+00
 1.7430072017E+01
 2.7765298940E+01
 4.0000000000E+01
 3.4562610988E+01
 3.1414422285E+01
 3.0411469268E+01
 3.1414422285E+01
 3.4562610988E+01
 4.0000000000E+01
 2.7765298940E+01
 1.7430072017E+01
 8.4084225852E+00
 0.0000000000E+00
 0.0000000000E+00
 7.0476119880E+00
 1.4836620640E+01
 2.4648295513E+01
 4.0000000000E+01
 3.0176429583E+01
 2.6253777264E+01
 2.5151492115E+01
 2.6253777264E+01
 3.0176429583E+01
 4.0000000000E+01
 2.4648295513E+01
 1.4836620640E+01
 7.0476119880E+00
 0.0000000000E+00
 0.0000000000E+00
 4.9454028099E+00
 1.0220479448E+01
 1.5991261129E+01
 2.1395702024E+01
 1.9889313811E+01
 1.8272272594E+01
 1.7686910985E+01
 1.8272272594E+01
 1.9889313811E+01
 2.1395702024E+01
 1.5991261129E+01
 1.0220479448E+01
 4.9454028099E+00
 0.0000000000E+00
 0.0000000000E+00
 2.5135089993E+00
 5.1086334730E+00
 7.7005320485E+00
 9.7022353587E+00
 9.7126578286E+00
 9.2590853416E+00
 9.0512695588E+00
 9.2590853416E+00
 9.7126578286E+00
 9.7022353587E+00
 7.7005320485E+00
 5.1086334730E+00
 2.5135089993E+00
 0.0000000000E+00
 0.0000000000E+00
 0.0000000000E+00
 0.0000000000E+00
 0.0000000000E+00
 0.0000000000E+00
 0.0000000000E+00
 0.0000000000E+00
 0.0000000000E+00
 0.0000000000E+00
 0.0000000000E+00
 0.0000000000E+00
 0.0000000000E+00
 0.0000000000E+00
 0.0000000000E+00
 0.0000000000E+00
